62042592
195738
508372
424352
7423
1694
756325
40154179
754035
44489443
990671
69806631
840631
39441665
1703
87764452
83401003
16368823
28281616
957179
6592
84789987
80104196
16751912
922565
267373
41238116
226131
96964665
358436
16880689
4214
396477
873867
939291
54104545
948436
20084437
44622343
79361297
882533
85220234
629212
5299
67860978
43851877
21486145
6954
672974
27012743
38107998
47913645
972665
54819738
86192527
520214
5314
45172469
2685
51886892
81823994
37787177
858492
265258
699218
895532
360965
548069
1283
893132
404977
330493
662996
5375
15156794
51006957
24983341
4349
55861997
847525
444954
396738
494721
18007549
4158
784775
3371
7939
87656518
63627294
411172
291932
101453
155907
84290359
72015711
10161552
2156
2707
751458
